#        weight    minuslogpost          log10r             n_t               r   Delta_Neff_GW Delta_Neff_total log10hc_prim_fyr           f_end Delta_Neff_GW_error   minuslogprior minuslogprior__0            chi2 chi2__cobaya_posterior_fast_vs_reference.SGWB_mock
             28       1.6926402      -1.9933981    0.0065276892     0.010153175    0.0022948578     0.0022948578       -18.161758         7824232       0.00032051276       1.6094379        1.6094379      0.16640459                                         0.16640459
             32       1.6286591      -2.0023921     0.011611775    0.0099450711    0.0022499264     0.0022499264       -18.166341       7797272.7       0.00031840787       1.6094379        1.6094379     0.038442306                                        0.038442306
             26       1.6144699      -1.9995367     0.073316607     0.010010674    0.0022639431     0.0022639431       -18.164783       7805821.7       0.00033638723       1.6094379        1.6094379     0.010064057                                        0.010064057
             17       1.8095238      -2.0094116      0.19845098    0.0097856222    0.0022155671     0.0022155671       -18.169573       7776296.6       0.00032354787       1.6094379        1.6094379      0.40017181                                         0.40017181
             13       1.6158401      -1.9985629     0.059956003     0.010033145    0.0022686358     0.0022686358         -18.1644       7808739.3       0.00033160327       1.6094379        1.6094379     0.012804289                                        0.012804289
              7       2.1522504      -1.9831816     0.065580186     0.010394854     0.002346552      0.002346552       -18.156801       7854968.9       0.00033571289       1.6094379        1.6094379        1.085625                                           1.085625
             48       1.6705095      -2.0047066     0.018221036    0.0098922117    0.0022384521     0.0022384521       -18.167298       7790350.1       0.00031171064       1.6094379        1.6094379      0.12214321                                         0.12214321
              5       1.6151565      -1.9987885     0.047108988     0.010027936    0.0022675112     0.0022675112       -18.164488       7808063.4       0.00033469448       1.6094379        1.6094379     0.011437212                                        0.011437212
             15       1.6519889      -2.0037945   -0.0057976923    0.0099130093    0.0022429032     0.0022429032       -18.166917       7793077.5       0.00034617742       1.6094379        1.6094379     0.085101941                                        0.085101941
              8       1.6780735      -1.9939633    -0.084147764     0.010139972    0.0022920864     0.0022920864       -18.162087       7822535.3       0.00033054161       1.6094379        1.6094379      0.13727121                                         0.13727121
              7       1.7992118      -2.0091641     -0.23669218    0.0097911997    0.0022167042     0.0022167042       -18.169475       7777035.1       0.00031912774       1.6094379        1.6094379      0.37954779                                         0.37954779
              2       3.8471106      -1.9663432     -0.23214473     0.010805796    0.0024346699     0.0024346699       -18.148618       7905891.8       0.00034976382       1.6094379        1.6094379       4.4753455                                          4.4753455
             11       3.2995377      -1.9707692      -0.2332979     0.010696232    0.0024113127     0.0024113127       -18.150813       7892474.9       0.00033885482       1.6094379        1.6094379       3.3801996                                          3.3801996
             26         1.62049      -1.9977548     -0.21838228     0.010051832    0.0022730548     0.0022730548       -18.164064       7811161.4       0.00032036038       1.6094379        1.6094379     0.022104267                                        0.022104267
              3       2.2101599       -2.016604     -0.12801389    0.0096248951    0.0021807575     0.0021807575       -18.173096         7754862       0.00032079143       1.6094379        1.6094379        1.201444                                           1.201444
              3       2.1899225      -2.0162782     -0.13267541    0.0096321191    0.0021822425     0.0021822425       -18.172941       7755831.8        0.0003267803       1.6094379        1.6094379       1.1609691                                          1.1609691
              6       1.6559425      -2.0039738     -0.15171804    0.0099089171    0.0022420633     0.0022420633       -18.166985       7792541.2       0.00034109179       1.6094379        1.6094379     0.093009088                                        0.093009088
             21       1.9004528      -2.0112089     -0.14936778    0.0097452079    0.0022064491     0.0022064491       -18.170498       7770934.7       0.00033415855       1.6094379        1.6094379      0.58202984                                         0.58202984
              2       2.1031544       -2.015031    -0.059107286    0.0096598188    0.0021880727     0.0021880727       -18.172443       7759544.7       0.00033891478       1.6094379        1.6094379       0.9874329                                          0.9874329
             20       1.6420399      -1.9957557    -0.059454164     0.010098208    0.0022828023     0.0022828023        -18.16297       7817156.3       0.00032444368       1.6094379        1.6094379     0.065203987                                        0.065203987
             25       1.6278926      -1.9969614      -0.0477389     0.010070211    0.0022769613     0.0022769613       -18.163663       7813539.9       0.00032771163       1.6094379        1.6094379     0.036909373                                        0.036909373
             15       1.7636814      -1.9909705    -0.047059402     0.010210087    0.0023066224     0.0023066224       -18.160803       7831524.6       0.00032688362       1.6094379        1.6094379      0.30848702                                         0.30848702
             12       1.9172545      -2.0115574     0.015610779    0.0097373904    0.0022048739     0.0022048739       -18.170655       7769895.4       0.00032856487       1.6094379        1.6094379      0.61563324                                         0.61563324
              7       1.7739787      -2.0085077    -0.033481741    0.0098060086    0.0022198841     0.0022198841       -18.169249       7778994.3       0.00031188845       1.6094379        1.6094379      0.32908159                                         0.32908159
             10       1.7955502      -1.9900447    -0.036639364     0.010231877    0.0023118789     0.0023118789       -18.160301       7834307.8       0.00033508918       1.6094379        1.6094379      0.37222455                                         0.37222455
              9       1.6527612      -1.9950981    -0.092562091      0.01011351    0.0022858689     0.0022858689       -18.162625       7819129.3        0.0003346443       1.6094379        1.6094379      0.08664649                                         0.08664649
              7        2.258941      -2.0173816     -0.12398187    0.0096076776    0.0021769464     0.0021769464       -18.173529       7752548.3        0.0003136957       1.6094379        1.6094379       1.2990063                                          1.2990063
              9       1.6212875      -1.9976646     -0.14411011     0.010053919    0.0022735222     0.0022735222       -18.164022       7811431.7       0.00032406945       1.6094379        1.6094379     0.023699183                                        0.023699183
             13       2.7345752      -1.9760795     -0.16659958     0.010566241    0.0023834506     0.0023834506        -18.15334       7876407.1       0.00033717531       1.6094379        1.6094379       2.2502745                                          2.2502745
             15       2.4351385       -2.019576     -0.20732061    0.0095592533    0.0021663824     0.0021663824       -18.174698       7746022.2        0.0003518055       1.6094379        1.6094379       1.6514011                                          1.6514011
             11       2.8915003       -1.974358     -0.16919947     0.010608207    0.0023928035     0.0023928035       -18.152711       7881612.4       0.00033299242       1.6094379        1.6094379       2.5641248                                          2.5641248
              7       1.8164355      -2.0095635     -0.12674567    0.0097821984    0.0022148557     0.0022148557       -18.169639       7775843.1       0.00032635913       1.6094379        1.6094379      0.41399514                                         0.41399514
