#        weight    minuslogpost          log10r             n_t               r   Delta_Neff_GW Delta_Neff_total log10hc_prim_fyr           f_end Delta_Neff_GW_error   minuslogprior minuslogprior__0            chi2 chi2__cobaya_posterior_fast_vs_reference.SGWB_mock
             12        2.015538      -1.9854448    -0.040378453     0.010340824    0.0023353732     0.0023353732        -18.15807       7848149.5       0.00032638528       1.6094379        1.6094379       0.8122001                                          0.8122001
             17       1.7296206      -2.0069631    0.0031663229    0.0098409482     0.002227012      0.002227012       -18.168586         7783607         0.000327508       1.6094379        1.6094379      0.24036546                                         0.24036546
              1       3.2712775      -1.9710048     0.068908024      0.01069043    0.0024101136     0.0024101136       -18.150905       7891761.2       0.00034153969       1.6094379        1.6094379       3.3236792                                          3.3236792
             19       1.9780637      -2.0130439     0.069425384     0.009704118    0.0021979345     0.0021979345       -18.171467       7765464.2       0.00032210572       1.6094379        1.6094379      0.73725162                                         0.73725162
              4       2.1665123      -2.0159151     0.065764256    0.0096401756    0.0021838683     0.0021838683       -18.172787       7756912.6       0.00033297624       1.6094379        1.6094379       1.1141488                                          1.1141488
              5       3.7189853      -1.9672323     0.058445006     0.010783697    0.0024299486     0.0024299486       -18.149046       7903194.8       0.00035609572       1.6094379        1.6094379       4.2190947                                          4.2190947
              2       4.0193868      -1.9650949     0.069761031     0.010836902    0.0024416875     0.0024416875        -18.14813       7909680.3       0.00034501249       1.6094379        1.6094379       4.8198978                                          4.8198978
              6       3.4642266       -2.030232     0.083295029    0.0093275596    0.0021177072     0.0021177072       -18.179761       7714410.5       0.00036692251       1.6094379        1.6094379       3.7095774                                          3.7095774
              2       3.7184966      -1.9672358      0.09739839     0.010783611    0.0024299309     0.0024299309       -18.149047       7903184.3       0.00035609666       1.6094379        1.6094379       4.2181175                                          4.2181175
              5       1.6767037      -2.0050142      0.17719757    0.0098852077     0.002237035      0.002237035        -18.16745       7789430.5       0.00031312998       1.6094379        1.6094379      0.13453152                                         0.13453152
              3       2.4355892       -2.019581      0.22024765    0.0095591434    0.0021663599     0.0021663599         -18.1747       7746007.3       0.00035171661       1.6094379        1.6094379       1.6523026                                          1.6523026
              6       1.6888841      -1.9935354      0.27791936     0.010149965    0.0022941993     0.0022941993       -18.161833       7823819.7       0.00032304959       1.6094379        1.6094379      0.15889236                                         0.15889236
             14       1.6720649      -2.0047831      0.27458935    0.0098904686    0.0022381026     0.0022381026       -18.167334       7790121.3       0.00031223009       1.6094379        1.6094379      0.12525394                                         0.12525394
              2       1.6146008      -1.9997691      0.27063357     0.010005317    0.0022628289     0.0022628289       -18.164885       7805125.4       0.00033408355       1.6094379        1.6094379     0.010325739                                        0.010325739
              6       1.6154037      -2.0002769        0.305489    0.0099936271     0.002260336      0.002260336       -18.165138       7803604.8       0.00032590773       1.6094379        1.6094379     0.011931522                                        0.011931522
              3        2.404743      -1.9797215      0.17149582     0.010478002    0.0023644533     0.0023644533       -18.155204       7865406.2       0.00032469733       1.6094379        1.6094379       1.5906102                                          1.5906102
             10       2.2685596      -1.9815606      0.17115146     0.010433725    0.0023552873     0.0023552873       -18.156153       7859856.9       0.00033911858       1.6094379        1.6094379       1.3182434                                          1.3182434
             11        1.660692      -1.9947105       0.1699821     0.010122539    0.0022877468     0.0022877468       -18.162447       7820292.3        0.0003369293       1.6094379        1.6094379      0.10250822                                         0.10250822
              1       1.6147505      -1.9989799      0.20593506     0.010023517    0.0022666034     0.0022666034       -18.164565       7807489.9       0.00033644328       1.6094379        1.6094379     0.010625101                                        0.010625101
             14       1.6154089      -1.9986961      0.19972615     0.010030069    0.0022679699     0.0022679699       -18.164452       7808340.2       0.00033354107       1.6094379        1.6094379     0.011942025                                        0.011942025
